2
fc
tanh
2
outputSize
4
inputSize
8
4
8
-0.1447550554686645
0.3425322932210329
0.29401074133607175
0.22006013270903105
-0.1865309528913737
0.19131290185856792
0.03002497399388641
0.2468523203623779
-0.1938672891109681
-0.11562060414239943
-0.21929729637118814
0.3581328852277262
-0.23166394865360726
0.1336200838168313
-0.06974952424104129
0.244742852828717
0.0945145830472058
0.18188768132186262
0.19777689956140027
-0.21398408423988471
0.2694153530053233
-0.22719002163072907
-0.031810974554719894
0.2667703432761191
0.15613655734991708
0.1509956104502311
-0.336514415313325
0.1971762707277553
-0.13587984998081928
0.13838203569985483
0.2434191158191722
0.5461149576006267
4
1
0.08236341652533519
-0.2855768208044374
-0.05644793498735258
0.038296149277508476
fc
tanh
2
outputSize
1
inputSize
4
1
4
-0.19257175874942475
0.23401277749301244
-0.2668370248303831
0.4847488096047231
1
1
-0.10790179672058285
